2649.812
2649.413
2444.850
2650.039
2654.169
2573.039
2100.871
2419.240
2635.215
2517.328
2506.446
2508.479
2530.847
1923.108
2124.284
2548.766
2567.577
2361.445
2447.469
2304.080
2401.960
2188.497
2294.820
2369.454
2264.241
2243.648
2386.916
2462.934
2245.188
2278.721
2493.083
2448.618
2338.432
2611.939
2362.889
2336.844
1978.942
1930.081
1826.089
1854.489
1995.808
2495.551
2690.593
2204.218
2682.708
1857.246
2426.970
2608.812
2364.010
2344.094
2592.110
2264.829
2649.043
2631.850
2580.097
2388.512
2640.686
2652.401
2341.388
2538.588
2212.947
2242.587
2199.341
2588.926
2392.501
2595.002
2580.901
2199.539
2598.631
2472.344
2509.541
2632.279
2361.364
2340.130
2574.654
2611.314
2575.392
2627.770
2358.918
2621.644
2585.276
2561.597
2509.515
2587.073
2715.666
2562.578
2398.757
2143.304
2443.957
2335.467
2516.386
2575.017
2666.853
2684.226
2017.299
2633.195
2511.539
2241.305
2616.895
2141.413
2360.103
2444.257
2658.833
2564.006
2139.376
2650.033
2324.891
2705.882
2181.658
2377.905
2390.197
2385.477
2707.736
2379.457
2390.841
2650.383
2605.092
2224.654
2662.841
2636.049
2654.592
2703.817
2438.171
2677.238
2693.043
2208.508
2695.211
2416.531
