203.690
158.531
119.864
110.368
121.018
115.867
136.279
150.751
125.113
135.073
206.976
184.579
114.623
173.246
180.140
196.533
163.984
190.325
181.581
155.563
159.520
140.713
168.681
171.879
133.332
148.527
146.236
157.403
126.805
142.018
122.023
171.364
149.746
117.932
155.739
148.833
187.446
199.573
125.082
166.706
108.869
152.160
107.605
176.241
195.545
206.166
156.424
200.044
185.598
188.432
165.335
167.812
180.564
145.933
136.708
175.024
170.837
172.072
193.825
175.566
127.120
112.139
135.387
109.253
