1361.710
1103.009
1307.773
784.794
1402.969
1173.106
1108.254
1121.730
1257.455
1258.854
811.419
1340.635
850.491
1401.145
1100.857
1402.945
1116.771
1319.440
1138.993
1161.397
1267.164
1158.833
1234.360
837.872
1232.382
1313.622
1318.034
1318.905
1317.659
864.625
1309.237
876.997
1336.600
956.066
974.649
1014.145
880.098
839.954
835.666
1120.069
828.571
1084.660
1274.627
1274.415
1111.952
1116.158
1132.927
1301.596
858.251
1112.663
1302.817
1077.044
859.291
1296.200
848.413
1255.850
1357.026
1310.211
1280.712
1292.561
1339.450
1156.871
1121.387
1338.946
