2788.933
2465.979
2670.340
2783.288
2674.179
2743.925
2759.472
2310.349
2755.643
2668.619
2761.789
2715.886
2693.034
2622.305
2102.359
2687.937
2707.827
2701.258
2641.879
2051.744
2065.523
2098.452
2717.727
2733.624
2070.974
2746.028
2130.702
2089.236
2750.107
2719.824
2734.073
2789.250
2734.137
2741.604
2030.049
1943.001
2772.803
2691.307
2791.256
2740.493
2783.966
2792.945
2076.850
2804.554
2711.927
2002.543
2724.801
2725.114
2727.456
2119.684
2095.607
2128.586
2663.885
2734.801
2714.020
2683.092
2813.727
2726.894
2043.923
2681.608
2122.234
2121.668
2805.590
2423.678
