3403.297
5427.429
5440.767
4986.930
4876.276
4840.619
5212.965
4764.928
4895.022
5208.829
5452.284
4988.086
5079.575
4220.516
3767.026
4939.551
4904.375
5422.541
5116.622
4878.534
5121.188
4606.533
4815.473
5417.142
4867.418
5086.752
4999.090
5167.886
3789.091
5000.542
4923.309
4829.654
5574.995
5377.210
5604.881
5237.737
4528.738
4290.746
5209.033
3577.762
4501.820
4803.019
3441.469
4861.575
4557.563
5356.150
5562.436
4987.258
3611.237
4877.691
5044.100
4129.023
3852.071
5453.825
5402.659
4721.864
4928.068
4765.452
4965.061
5238.178
5444.994
4922.998
4385.584
4799.404
4997.679
4563.068
4845.104
4947.863
5136.264
5199.324
5230.120
5479.102
3716.029
2871.458
5437.907
5445.982
4154.383
4582.379
5422.000
5197.800
3520.062
3770.718
3657.388
5332.713
5459.605
3878.516
3727.857
4721.819
4182.910
5269.372
5108.642
5350.174
5287.959
5374.647
5314.328
4511.964
4992.877
5350.637
4988.812
5340.103
5068.315
4744.205
5366.822
5065.938
4668.769
5111.260
5556.293
3626.220
4883.841
5606.681
4824.674
5263.314
5562.051
5568.046
5202.368
5433.892
5096.404
5565.336
5479.319
4964.813
4845.720
5312.797
3696.784
5208.924
5212.462
4760.114
4814.305
5456.295
