132.781
141.992
319.789
284.007
311.059
277.886
107.732
221.083
328.935
149.524
288.971
173.470
250.439
125.834
319.659
376.532
369.687
364.066
331.755
359.358
363.981
358.816
323.537
377.371
247.532
361.754
346.451
359.652
365.022
254.151
254.991
298.464
114.942
150.419
215.597
263.248
322.750
125.962
193.872
206.873
241.515
322.764
117.005
194.936
342.527
416.270
362.292
372.415
351.543
370.372
299.454
175.275
320.429
293.251
355.255
414.127
365.969
337.573
383.226
406.067
338.302
320.720
236.934
403.360
323.319
372.450
389.806
381.444
395.151
363.525
339.968
407.696
411.025
271.899
425.690
418.288
374.340
362.647
336.551
408.575
366.724
372.451
339.525
364.613
121.423
358.091
328.761
328.340
326.319
341.299
304.154
304.569
339.333
306.311
328.562
239.324
340.492
339.716
301.772
284.892
340.779
299.665
303.110
335.121
339.288
215.409
254.744
336.344
371.224
359.520
375.810
382.603
375.446
369.220
334.630
405.904
372.090
189.210
370.217
367.407
304.922
336.834
286.309
329.883
303.719
329.425
318.440
290.172
