95.750
95.746
95.749
95.751
60.231
95.749
95.750
95.752
95.753
95.747
95.753
95.753
95.750
95.748
95.745
95.751
95.752
95.756
95.745
95.750
95.747
95.751
95.749
95.752
95.752
95.747
95.754
95.750
95.749
95.754
95.748
95.751
95.749
95.744
95.750
95.749
95.752
95.747
95.756
95.743
95.748
95.749
95.752
95.756
95.738
59.025
95.755
95.751
95.761
95.749
95.749
95.757
95.853
95.751
95.750
95.748
95.743
95.751
95.754
95.759
95.755
95.757
95.747
95.756
95.749
95.749
95.747
95.748
95.751
95.753
95.750
95.755
95.749
95.752
95.752
95.749
95.750
95.750
95.749
95.750
95.744
95.751
95.753
95.747
95.749
95.755
95.751
95.741
95.753
95.748
95.748
95.751
95.747
95.750
95.749
95.754
95.746
95.753
95.747
95.755
95.748
95.750
95.753
95.754
95.746
95.749
95.750
95.746
95.746
95.751
95.749
95.751
95.756
95.748
95.749
95.757
95.749
95.753
95.748
95.753
95.752
95.751
95.750
95.755
95.758
95.753
95.752
95.752
